65012
107078
198337
164522
46997
37426
196928
56748
124411
16781
184803
52170
117257
27432
121262
191373
83310
47936
81380
120247
101954
160546
16885
140920
12744
101018
104345
138845
184248
73006
101193
67764
66657
39675
141380
199823
51504
10720
154882
28673
12039
114021
70812
112760
8384
144477
82188
175612
17401
196742
22796
150195
194054
32
90252
104466
90194
57418
151779
145979
133080
58083
72499
51406
115588
117039
185512
77582
86052
121438
139869
72590
93053
52708
108209
187932
89734
104125
132536
68267
18830
128733
121445
187506
50210
150997
73709
66625
149423
36915
109630
194086
58941
8904
95592
153956
41523
19407
197172
91344
158964
4607
89561
95962
56873
150206
57143
141347
91823
102319
14732
186069
124881
83512
127149
4348
136638
84993
1196
164590
43330
118887
128158
49137
11809
145782
13649
84149
157115
154252
146410
70327
106953
41193
109302
14224
39172
25483
130633
100004
93854
132362
174802
47104
22183
123561
69206
175428
81755
91244
17319
156529
18212
32582
48015
40077
76448
40424
84154
111091
136557
172994
184231
137570
155909
144405
79117
83689
174210
112926
165176
111156
154359
101192
70736
110968
144085
81054
26955
88248
76576
38221
2395
65871
136934
189880
52116
74371
193177
69225
137775
198747
141328
19543
163446
120860
148130
37232
91195
77778
44444
185517
1219
168828
126068
106162
2170
117019
161845
137046
95992
195393
13470
195906
34515
98337
170600
118361
636
166028
92289
4746
90511
104985
175151
166428
169827
134817
137745
149876
162838
106853
189859
149176
43804
91059
37002
33566
139803
30772
187710
135096
112525
56132
173233
142381
185278
145422
185028
65110
150259
29770
36597
125166
185488
39698
95007
96233
193677
159640
136335
67353
179273
11970
174208
189138
5535
64293
152103
143455
61335
137034
178558
169863
178318
157192
92220
34379
131752
32770
181149
24406
149788
72636
199616
133068
70257
64693
163688
4106
196052
140769
39889
180162
94437
120358
155822
100556
81923
184094
136846
120985
193319
41573
3775
13226
51212
66733
146848
28296
147478
60628
164481
160907
178490
111930
117564
106638
12353
41140
118882
140841
100605
147997
147403
120566
97146
198395
75427
57961
1371
191663
152455
147657
95923
60164
31087
108215
68861
186391
81857
3525
117845
135392
56628
135424
176287
78981
1672
182507
2794
49185
88204
40784
65213
196005
20381
45322
94170
83209
116079
52816
191305
88888
26926
155814
108172
16825
64984
118326
80843
9350
37777
25962
159282
115358
22997
165213
91370
11979
144278
18165
196723
92920
55168
152185
103460
111672
82445
99918
39784
185765
14046
185652
70313
29041
12219
28957
108466
100813
27253
159463
13997
83345
101664
193444
11409
62243
81501
149854
173008
157279661
82191
138930
97914
56092
98386
33721
74741
52354
196499
134379
165066
78543
95078
195303
52125
155649
130242
103139
194039
56747
190556
184726
184815
4169
113379
191255
61724
140777
41218
30172
132590
126910
184616
31814
131855
46722
172398
172948
113833
195236
33726
48460
30753
25084
48931
4803
6586
198140
159283
106594
151259
46716
178968
198420
163395
97465
154115
93746
142713
107130
171997
133963
11137
166328
1789
38156
93926
63265
63449
5403
183250
157293
189306
198803
23021
142097
153973
159731
155237
108576
184670
63583
181493
134624
78913
85875
147941
186195
68418
34390
92607
78653
30236
6703
23240
99762
37323
64425
23296
10775
110877
143321
134692
153881
123343
193966
57410
180165
175400
21298
143492
194383
138508
34138
122460
108414
152470
76512
87416
115914
90215
107730
194846
29059
112796
104598
127058
182603
175563
123258
104774
89548
136436
144462
197699
41349
128890
27613
11281
84947
28465
167776
10796
47121
90898
98223
140144
196097
84243
114825
147292
160810
177009
107381
120560
3147
148474
105633
41085
18746
66908
74806
4602
52142
116524
53944
57948
194046
36439
81111
179524
124857
65232
2470
87449
122439
96935
147726
138161
14574
164453
130960
98361
60739
175966
143963
112539
29055
23903
194553
92875
23257
186527
192535
18039
153659
163174
158654
130596
36954
40276
146098
159659
3132
135301
22435
95579
174540
19933
198121
106211
748
167472
26512
54292
135948
176445
143863
76175
172560
141405
28893
170143
41886
188236
156267
138330
72697
184430
133790
159264
138280
17130
101207
174298
18356
171301
95229
125437
153531
48384
137999
9123
25781
88342
92127
55785
160016
138243
82090
177213
19311
82479
158035
95549
11383
175954
117773
14895
179034
84105
22883
190109
86142
38857
167931
183617
66266
52214
35937
164647
81216
18426
122644
124176
3406
19770
144362
153543
96109
100482
178313
134453
102341
156576
139953
55801
59094
5658
162915
42401
53528
80334
146403
69426
25502
147889
122981
186924
120411
108509
189518
107802
102307
117443
95998
885
159835
33860
92144
191612
31593
164230
118786
78552
105792
88429
87769
129565
98903
112130
124524
60608
89298
193535
111119
882
72023
53218
98675
55516
96789
157438
33133
187600
110963
70512
32147
184897
60579
139068
95966
25235
113514
171303
10809
165040931
67851
163634
137072
60121
193415
88021
8282
183985
128910
18504
108771
6324
95116
128862
106618
135184
36628
94823
74154
131097
131185
167588
35281
56283
102871
68987
159834
16164
99289
147094
117995
182727
21822
39333
4173
89584
161602
195395
103374
69417
24852
3615
182053
52008
123376
178573
165463
10207
189348
90050
76887
76480
136654
158201
30364
100262
128354
80790
157250
124429
128186
192117
84697
181816
100509
126044
184502
55783
124689
17035
173582
41232
191449
4737
106245
127570
185535
183272
132907
124297
103523
149628
26816
9239
70208
41516
46073
63621
8970
103910
161229
80813
38145
178945
141230
32735
118918
237
151499
197332
194071
109680
85517
172314
116468
35655
85031
131917
51956
102793
114727
145081
147882
32954
20906
168875162
75458
111608
58993
79971
120881
46814
20780
55805
92769
3088
12504
63506
73511
8653
185298
31774
135575
130225
193842
64111
54502
92770
34554
156485
114155
11665
106176
189183
16148
132930
5192
158039
162672
67433
43460
88628
92506
117361
73190
62867
64738
116509
23699
32567
72527
68411
178445
94141
129428
113307
12308
102728
27063
114447
110800
182687
77055
102508
165816
109217
140637
31596
39657
159839
197895
54465
100834
6078
165192
96671
139268
18214
57035
130975
199373
137992
69072
1987
83959
45744
33220
12036
59756
102841
120622
102463
130976
48225
156632
60773
11574
189998
151545
163973
122230
33142
76853
63860
34672
18062
167577
172367
128949
32758
174039
194094
45693
96088
115074
172808
113616
75069
18549
120072
75997
128601
171840
136816
39217
95433
123488
52609
49446
104419
85097
149269
66669
93062
8745
166231
61140
5212
167315
65897
78167
60853
83087
26999
128802
126528
56770
34889
133151
183824
147156
136504
171449
31473
87977
193629
61301
140037
24644
139238
94574
114968
122921
24530
147660
24770
127426
152631
87343
148842
111669
108405
107754
152652
41906
15145
45515
144842
8015
112688
38663
88600
119458
65622
157263
148592
177820
35196
5085
15116
104931
121103
180567
28077
171323
163198
137931
58557
79339
104032
199102
104139
147546
184308
72155
38751
28751
18797
189567
72833
148114
116459
132022
111955
100576
5974
195509
57300
67266
199067
46949
92230
73788166
43912
190566
127837
79678
181329
78707
77213
186957
65503
103982
113586
134523
141054
135150
193466
118512
119842
159023
45628
132252
67001
188471
189080
68612
127500
165349
167688
80632
191291
80271
57083
106872
156592
75319
140396
81589
110913
149073
37468
110860
195619
161157
50956
28041
198369
166052
64920
60360
63833
148753
79225
87926
46603
15294
5226
55441
1486
59226
152177
15981
111019
196581
195666
185232
46899
6714
177931
65735
194753
111877
7600
170769
121556
134767
136633
105844
137515
161039
70243
161447
100429
107329
16799
42538
1046
169157
60270
141298
70094
84956
80103
51688
196895
21487
199841
199038
165490
65724
181141
191656
188121
199185
65607
151956
141154
108456
166369
111835
78661
99381
117926
40447
188983
190729
115552
3690
179783
153129
184186
77742
146443
36633
195641
109797
159281670
173873
100069
134926
137595
140354
71791
179898
78586
173326
101243
41722
64842
101383
92590
2788
148435
62638
170712
167030
64060455
6166
105935
196151
19255
12362
81538
103400
45213
151489
3545
155809
120182
185243
134582
66301
176908
141066
159027
46135
60548
110397
17404
14309
161967
114941
51746
91597
74954
198008
173994
24929
142767
192116
93206
167708
194133
138774
118340
127992
190253
76499
33374
21837
97698
85913
144660
116140
158007
136487
171526
121572
11685
120896
179108
152308
188761
91626
34184
104314
160615
189940
28446
47204
177494
178615
13043
128065
92037
166874
72167
38135
22726
31035
55881
184049
77023
195567
116610
76055
170280
135605
133590
138467
26482
52423
13245
21871
13009
140898
178946
106851151
14026
167377
314
48053
186169
44342
119083
72870
16595
24104
191132
64320
133392
98846
180649
65015
195058
75285
193194
175016
158128
134033
25010
56351
89978
20723
125072
165371
191171
115057
151138
187928
169659
133544
8701
63658
55568
135997
90854
151225
197527
3186
153686
111502
142458
74147
93090
153577
32595
156856
17950
65613
185752
127491
146461
79992
142367
143962
158075
165447
119270
153711
81698
101538
72965
3205
94661
199847
90145
116992
9447
59062
184431
41969
177488
154943
180347
113508
113893
15831
127632
171495
132777
34316
97108
85526
2176
42168
187082
128708
121291
111605
177922
125406
31955
43817
121488
52149
38537
139253
179486
93242
63432
115603
147409
158887
81181
143783
150003
191518
99645
28860
30070
142244
37816
147775
20935
47382
4430
187439
1029
52494
12765
161437
195700
97842
81140
59026
10014
133671
33456
128199
74971
174639
36345
110399484
17174
86907
138220
4345
58392
92164
195564
29064
92431
81535
35678
87591
84180
75707547
47719
51098
138225
126993
80478
101995
119902
49568
77747
22156
133770
16332
158062
171446
153888
55431
105900
3426
39712
3761
160475
66209
183095
142636
160329
17201
132373
103270
16307
45463
171435
125834
110789
159350
80480
23874
36415
109351
153912
6069
97271
37339
60474
182188
124622
75833
37502
57618
138543
26105
129778
84165
44469
19122
113630
181509
68002
195588
166664
63278
169621
16633
33261
32285
50721
7937
105542
198712
90966
130014
19017
196548
49514
33643
106489
123136
5736
907
18015
84496
179698
74756
164726
190201
115685
87270
81366
91668
45720
98971
155871
40826
142687
90635
36448
80639
4078
28189
131468
116685
170290
38789
166651
8529
7089
133229
34652
10826
112632
190493
175773
67096
177573
82168
83579
94865
51906
43060
116600
163451
126571
13875
152993
191994
174143
178190
53862
158878
197195
25851
119058
177547
69439
101329
114206
140909
108104
156198
183113
182455
52618
70540
179035
55226
123198
88776
63253
60520
7056
141583
28733
161018
111589
168017
190114
156416
85796
174657
34386
28898
79367
75773
13631
86782
71435
198226
197657
76245
167961
142670
186760
95708
59946
134144
110833
56031
34839
97767
68797
85367
114938
193342
151823
55612
197117
158040
65958
101421
111215
157789
55113
133447
121812
154215
103089
176845
56910
92254
183790
124971
91119
187007
92558
64386
154822
133025
101073
177444
57184
134083
121578
188029
105861
149018
113960
86025
123950
158018
89664
113395
132268
96236
165030
10172
87557
53314
173895
105730
31056
133988
199121
142584
113976
143825
194247
127930
100785
87437
100790
64093
56967
88514
44237
177131
36212
67083
27587
172793
40256
17065
52895
98892
2590
70395
192703
194883
21978
82386
176828
101509
159129
195342
146389
123196
134962
178993
74054
162035
154771
186029
185239
36513
57229
25572
56429
43755
51999
187899
173959
20474
25728
1102
65475
13991
81093
100230
139995
43581
151122
199364
105952
18399
110608
199280
104963
61625
142125
121041
42169
57219
193029
65551
18023
54226
31825
16382
41663
177018
13967
148949
142885
34079
108426
156354
75782
158028
129867
132398
42104
34733
38999
30473
10913
155406
80078
166840
125904
123215693
194803
101629
130958
145730
116741
27445
160176
183078
11250
182166
64711
58567
162977
29614
2174
56480
71874
109973
154254
123499
146935
131757
9727
78937
7436
18221
162557
54639
62617
174148
92433371
183715
56410
19164
47320
11928
88348
191685
118104715
174949
118618
150231
177392
176166
76021
859
8740
98927
8205
56868
171650
134448
173673
63046
91903
52021
138295
98520
64888
105538
120462
37102
117183
174233
74851
106567
10451
154854
44552
183525
118288
25344
7894
171986
13140
59495
101545
31270
142199
161698
45899
163689
165943
8116
118827
49267
82736
156117
155416
159907
150053
93165
64023
10068
54487
81517
33049
3159
101315
169454
190408
53886
54375
24679
138580
146307
126555
1688
49907
32408
150475
107025
156321
103189
59639
156773
71158
109067
55407
25585
23832
54334
199437
84645
33472
25124
161320
197825
117499
131623
26447
132764118
172745
171290
192012
109314
141265
69536
172520
122712
81049
125668123
9432
43028
136843
160833
150429
97714
10360
123982
147752
75731
145622
136074
54449
169729
191207
113456
184986
128729
84189
118283
5962
52090
177070
183575
131899
67626
47459
129892
39531
82887
102872
142782
148122
76428
75214
190443
88280
487
47397
19785
121264
102465
150633
54224
27123
35216
137564
139584
150058
156079
187533
193983
196860
187927
117048
157341
156581231
28935
82803
50256
80467
84451
64866
172859
2841
187951
178020
94516
764
25177
184499
81332
64404
197019
103497
101456
122846
156453
96684
130062
107874
179834
83452
95353
108888
145922
160195
159380
117872
124486
135012
171552
164594
169528
40798
18014
85768
81365
24283
47264
159544
45069
149294
130903
3034
112651
132456
190907
13552
55886
143111
196815
132251
152741
102807107
1000
169512
63971
56919
27757
18640
176643
76277
90165
12948
116738
94876
156222
85483
15689
41481
132170
49420
170517
62806
30540
152548
92319
196236
13466
169287
145829
61987
181374
138196
39302
11854
27148
140165
17015
116255
17395
167364
19507
140904
68425
73018
40738
190086
195913
37581
34685
128068
40198
101631
64645
82831
182223
79576
70092
48451
77193
67734
43453
58469
72811
114657
94902
151968
173645
104885
67728
16057
68469
99433
24087
164806
29913
198582267
157522
111811
102233
324
175885
134602
17762
21789
79744
73552
156470
29630
147571
70074
168563
39062
149661
123911
161038
68094
153768
178115
88769
16441
91029
169852
18629
59600
140764
77544
99838
52918
152609
85196
112569
136640
174960
67410
67567
123867
55050
92868
15158
78417
17176
75255
120157
145983
99905
60371
74425
40895
68875
161520
40613
179406
23042
85792
109295
6034
115974
158162
81024
2200
173713
103552
77020
62375
157504
31924
64102
82251
56345
37172
13045
60900
162958
10353
199265
15774
49695
72645
159694
80394
3120
58943
184043
191089
44584
133163
113598
89168
158115
61534
7893
96888
11844
12958
104703
113623
198234
57782
188478
67982
196268
192174
184550
31704
148475
179712
16449
12689
86526
93522
156338
43329
198467
631
199080
114771
119509
85931
17792
24342
118325
174933
124136
194811
29279
116157
49056
150000
105650
85643
17539
191913
84166
91712
84125
10945
74393
152339
42614
64871
116715
100910
2643
64594
105195
164563
98420
11214
13878
189932
194113
112304
39991
164137
149657
21336
68039
189738
2425
32319
130656
66448
107038
884
75983
164425
159163
106756
116505
188136
40378
167170
43317
152920
107626
17416
172291
59542
89616
64716
17738
37843
136123
115718
91530
105235
151922
120029
142055
62790
142906
84654
149914
10295
134214
50267
193871
1760
188610
140770
5401
96755720
25742
149554
26944
68988
87070
56511
132241
49044
8497
100123
137709
14582
92814
130325
191320
109353
170748
12503
39135
164700
53715
45230
155723
17256
33022
18706
57360
23545
170532
70932
148846
59316
26074
143134
110382
166164
64587
36247
64853
63518
9815
13746
134409
184531
12206
195713
41401
119941
2551
92406
17863
128267
166266
26963
40993
180511
193830
9689
35966
68364
199151
108696
78512
137565
151276
78394
188508
149679
19944
25157
44767
134501
147649
175616
154886
39970
110820
171192
5050
37309
177305
137418
20994
78127
53069
20579
93049
199110
102141
129870
172333
54898
281
196489
64366
101118
135234
196844
33255
133812
7205
91721
99998
177394
47639
83362
180618
190649
72076
1024
69691
22639
4639
198657
63068047
87703
386
133523331
185344
189397
47539
90073
52823
189868
134220
151160
111251
53769
104736
140919643
71238
30104
85584
37420
43600
30488
169707
39961
102400
127035
101117
60180
149695
50260
1624
105431
2633
13415
134848
112348
102557
148467
17808
44183
9926
124571
57770
149141
29458
79398
18307
96288
155714
84701
133401
168554
5475
24314
44103
169897
114789
90737
82944
62363
146421
29893
103128
139609
132597
45730
108619
40354
169887
1629
35382
122770
12297
41402
27495
119029
172718
20567
10504
23002
108728
4830
104465
64995
116858
33070
99956
172972136
164951
197558
11820
65523
155444
97761
180032
21443
118160
16544
183728
170779
177952
126401
154086
49319
10631
156257
164073
196819
125074
197179
94223
80234
59942
153635
141592
125427
38134
22751
99528
145773
130300
71042
4936
4070
23562
57247
56852
143640
47462
97586
54558
4023
26776
52223
130775
78428
150379
15676
106228
76812
135883
181499
44238
167771
103336
131585
5582
1810
156169
54605
183309
95410
117016
37955
40480
106911
121465
150017
25758
153383
99406
20433
149357
27489
142622
90201
53459
7720
22860
63164
175048
22459
116523
22717
9891
148800
26805
37165
100733
91977
51666
55042
187471
192857
114277
159148
87007
188820
11743
23865
156963
363
189917
152844
177405
115451
32143
16750
25149
13136
202138868
178949
93005
79557
160850
178886
94300
28065
91679
80107
84300
49284
133781
101718
44364
32962
156500
113212
183474
3194
64638
195976
198995
106201
174685
32541
163678
45311
94439
116657
10056
12016
87598
13851
53804
76093
94466
113300
153426
180261
192706
160756
120063
143757
72663
151079
56137
51127
133041
82489
75643
103537
41675
9942
13489
1885
179953
186803
104871
128310
15209
48989
133625
175021
70052
72285
161685
119931
47914
168271
138495
43200
159786
3214
10487
103882
75913
55238
33539
23607
176403
112551
112269
11951
41015
106518
170341
77656
362
51919
96139
107662
8429
25116
165052
143718
27132
145042
73706
378
189393
136206
168331788
143994
32444
143751
38462
199454
109606
125972
124716
153265
81265
151906
102658
136719
121675
134007
163533
101943
84029
119569
195994
72133
30834
34771
134670
38161
66769
76751
130871
181531
33161
34213
40197
109337
147499
67956
8572
162766
131880
78202
90756
125947
171423
154397
127164
73209
62395
7000
105456
11035
110173
98434
105364
16638
7220
92637
113161
197672
9081
301
132686
32855
195100
143184
120104
47052
111710
193320
189219
53719
125436
767
170063
5828
28813
70047
100710
76436
107607
61462
175766
59770
171294
119836
71359
134726
128848
23560
102118
54863
154795
10899
134423982
145516
57901
130847
28240
34293
80112
161499
69075
17780
51738
85599
109406
128371
99537
187824
137173
191926
36725
90066
147619
24534
72916
61561
75264
71825
185377
118203
88150
91202
134357
98923
114537
47081
38484
60312
170912
139200
72471
42144
102122894
106692
41991
119556
34238
161953
6356
29312
35735
164945
62936
118071
120833
6067
107045
72600
196340
55583
156414
48915
161908
73349
177872
83422
152815
171062
62325
89887
39226
16913
197972
119456
194580
62572
47658
117842
30926
142004
41027
109872
179022
88892
52415
126257
71422
180851
193704
134279791
187711
174572
83617
116057
193228
65586
26613
128820
158568
166741
63176
99628
116469
190085
18823
166972
143479
123490
58261
158409
189203
41674
54336
14557
46543
69893
73017
20934
51615
12001
171963
177357
21311
158448
51514
42341
114356
3400
1352
196985
21045
189022
72358
175262
177850
10244
62554
98806
33593
159285
127942
57361
135443
82606
142235
146038
120236
69061
69514
123336
192569
5679
77205
146567
194778
85818
78318
158020
138572
176481
52616
140080
122139
61276
137364
181
169316
79073
36706
36299
7339
191390913
92329
84059
114602
41915
138705
16214
105476
122104
45296
133885
78015
4417
15367
111817
125790
180484
92033
131926
104533
160234
57111
106669
187861
135222
74168
145241
142054
176721
41163
32355
33216
115997
18359
18338
184875
62509
80176
43904
139612
141807
33096
54378
7321
6195
44124
56859
121998
88363
43526
98588
144673
104372
102805
13976
130230
185660
96197
179380
167747
193463
74159
128754
80942
12941
100670
162017
186057
197028
126941
63281
100309
48130
192313
162726
127139
2734
99349
181666
91099
17309
23244
53692
133196
142574
87682
128843
13192
4384
88108
199215
166312
100796
76157
146149
67649
104341
173436
194379
105525
82106
70801
124969
161422
180244
198279
96544
112058
140079
86837
127496
86311
114530
88281
150438
170220
20468
195558
138367
125259
171826
148826
181674
108921
127725
96969
199513
171972
46165
23290890
29298
104969
76142
8994
146508
98274
92269
152951
144295
191138
16785
73113
117546
160611
112904
51782
12515
125719
175928
47182
108782
35069
69121
133699
133280
89126
16049
33697
83276
198766
67318198
45001
64039
98198
181342
38389
79288
3930
71946
128198
42608
137020027
155041
75713
64128
148309
14822
45187
186998
46254
70236
47897
114016
194229
35848
142443
58621925
82226
58573
69675
145529
66567
150891
28113
53508
62414
131562
13394
133226
121789
103983
118983
66175
40998
135000
178657
57568
24999
67739
18875
38090
11768
78317
195657
197103
150023
103969
145494
95946
3575
146548
189720
69625
172932
48543
67554
4151
47601
10621
85896
83259
31793
53773
124465
166253
128913
47841
153232
100848
163785
18146
32383
14488
32268308
133762
188249
155233
31009
103485
158445
186067
117448
129651
175240
114263
49359
196615000
67447
174507
9967
14379
181843
135616
6297
157995
153852
29405
68191
102182
150737
44647
132160
185429
114165
175232
29927
117261964
79304
48917
16593
107135
127450
97192
114345
124121
149225
51991
79555
154598
160777
33402
189278
8179
18005
32645
104082
25289
175767
34398
125828
162817
1303
7709
141421
185287
144222
61075
139030
19433
151895
77674
188142
125590
193374
107243
54393
38424
91952
33874
4628
177414
188636
147584
189959
11246
142882
177250
96160
142588
125844
116058
139014
44906
123089
53775
105832
119742
155771
129057
90055541
112961
60122
2703
83103
45259
63689
14804
110762
178251
65659
133337
141893
29771
148414
174181
18132072
130176
42406
168479528
196441
93588
35838
138660
143237
2502
139600
1411
134650
82653
162895
53976
116477
64454
128514
144881
106856
165986
79194
162446
185398
164337
60186
182721
197120
15136
174674
79593
52114
101994
25595
86651
12927
123235
116519
166533
166865
144443
102021
61187
75204
109352
43602
183005
170441
87917
113293
83960
45667
108838
110892
164189
163212
4526
179516
32104
33403
53116
141539
128102
27827
60008
149296
32657
57058
76244
41049
193241
147934
161980
178015
162413
63966
18007
87243
76047
120736
77180
12280
109204
101842
90714
33926
143276
191102
61406
123439
8401
143719
84416
133130
113750
2904
173919
33361
15197
160055
128669855
94198
46869
120052
136026
83686
130822
148478
100224
145206
117283
103469
111368
156223
40837
32336
26261
137112
26082
6021
41555
195652
152804
32648
49523
63519
28851
64266
159509
90046
184645
72046
115992
109791
151233
118081
62336
181790
154688
150239
12454
42624
161182
178233
91118
40250
173047
176907
72914
170568
147658
96248
189115
154034
169390
130294
141393
14221
70529
72507
54836
66557
188968
10178
160560
45237
187477
1578
4991
122755
170000
44471
182424
75842
193566
198930
34471
174571
141530
9273
90472
51943
191352
188941
142387
88397
82931
161957
140400
20939
176688
48115
111261
82181
95404
145897
53655
151004
17673
45881
52773
171469
171917
150159
569
103188
113824
113273
160467
170460
95824
166821
72690
61257
182035
2894
75205
28
67790
72163
162306
25520
61178
184051
146066
121885
133210
100243
180438
47670
145276
83466
156899
95650
121574537
80025
192445199
39200
173325584
1491
169939
125114
9867
175425
50004
100145
92510
70693
53627
83215
145509
83575
112676144
187865
4093
78683
169978
13582
132835
112797
25185
12358
9923
177040
104757
63034
122868
34012
11655
28591
97590
192647
24030
91238
58938
136200
146459
83206
98
87928
176977
91649
252
11390
12075
129247
8711
92159
37101
109690
69221
160991
36824
88693
144755
112757
199943
198385
145247
37112
169641
36681
41973
54624
47920
90927
3224
19054
128928
67893
132223
86773
13484
44907
135820
133535
12106
198533
164965
175509
54324
30709
196911
101965
159369
136599
155824
135336
146482
146181
136256
148074
137958
162986
118287
140297
49677
145628
163470
121148
126024
189656
163231
169207
177466
182448
147508
191916
152873
11220
100651
34142394
169738
182788
138933
39770
140008
95254
111320
135102
67888
72572
182747
131637
184149
148814
50498
126620
195523
83859
66478
35064
43818
49486
64668
67478
27704
124498
176921
189091
163907
182463
135262
45530
134846
114654
168220
180198
179354
100527
109668
50374
52150
186045
58136
117085
38383202
193317
33635
97010
65297
157350
127361
34173
166346
189602
120252
118121
71455
12067
15510
118333
122229
171195
85425
137309
137217
196790
69495
180594
70299
147265
94996
174190
16105
182914
57773
191349
147582
86994
190132
131181
143287
92081
98610
25113
7902
11357
168499
125052
47968
62078
107899
88461
94159
132040
129920
14851
172711
179776
43267
40781
123822
53041
26711
118031
62354
153170
18069
183432
131830
128903
170538
184461
21934
84329
175046
30149
72585
132204267
125861
28291
135493223
8222
39367
6535
80032
84065
52994
42923
18638
167806
43727
149352
7359
90247
65370
180578
162759
54732
193288
185067
193222
119065
91539
123437
66528
9831
156993
99772
142265
112400
50369
117406
12490
179379
120414
18490
78665
55819
73139
134003
130439
88908
110265
2732
140734
72582
76970
84800
164778
92006
97553
74675
132572
43224
151220
13562
116683
115929
140007
70201
127071
153221
100657
106238
117437
126321
136862
27980
169832
46881
101914
106940
181593
59285
54629
104315
8800
88808
182703
193945
132860
72194
134994
15168486
175694
184833
169266
28159
104007296
162735
115812
2938
6932
177217
188250
4028
85294
14413
135719
48991
120446677
190092
190612
93082
73287
188594
46906
4762
27875
149218922
137340
54878
18228
50398
91390
141743
141488
167596
199820
62980
145074
139178
191128
178656
52353
77411
116064
4773
3515
168290
58227
83870
157225
17096
60168
24235
82612
111546
180671
181253
102091
73932
29509
169750
65597
152054
158990
137853
112637
143550
72925
168122
49171
51988
172824
50914
199484
114426
113586865
130841
199989
24361
164936
87835
53471
97652
1132
190229
67156
59132
29942
18968428
160889
71142
109669
21378
113060
100299
118421
178211
92135
59964
95365
90104
34700
105238
44272
9254
24751
168186
90612
69488
50412
102101
49572
64573
81916
12126
54402
157858
147623
45482
84419
42983
181198
30604
103879974
141244
178106
1367
120635
192762
152630
107855
164396
69571
197730
18771
192414
156860
180976
42405
90945
139330
117436
168155
58789
21571
45097
139462
100934
45898
160562
30588
46654
175545
52383
108906
4097
14140
142590
68010
46645
166820
169976
76726
97781
194246
85175
195001
84185
193355
61988
999
166647
3077
193474
103653
63762
62448
32311
80111
96147
38644
100432
74738
32200
122042
61201
188851
17189
88824
14675
178275
14271
112966
195760
124124
169353
40711
70375
64543
136395
50095
55277
107579
183909
159564
63941
43577
182071
148729
45145
141648
181829
62479
171863
8001
66388
95239
44527
175738
133045
96324
177813
195360
178680
83713
186727
53682
7317
69350
134299
23052
192073
167768
143716
46052
183366
192853
90828
72635
58102
17625
6781
68459
43680
73026
196445
151792
141103
187759
57737
74115
196184
94636
131497
40072
72282
59917
128898
100197
172836
10260
36260
112721
14431
22094
149575
14062
118762
125811
24635
73534
4411
171891
117636
115420
89544
109354
151681
105655
87267
34936
112578
19558
11613
60185
26867
97437
36271
103645
173769
123450
63956
190630
99799
47843
181365
94059
54029
21587
186327269
33030
15292
163125
184202
69704
24294
176999
16078
150527
162927
108236
13210266
137901
97681
16703
101109
154245
195226
52139
177791
15118
152041
101184
9579
13780
72093
69794
134055
195485
55326
130094
182204
104882
1907
97286
56432
27411
190481
2574
120437
20193
153117
10842
15215
40712
177700
161898
150161
164662
192950
99783
26361
71312
4594
17913
63251
61941
174623
55924
152201
107206
82022
155042
107602
178141
41040
108049
135994
395
160270
73698
163763
192652
131701
157598
62000
141199
85970
168867
36080
110194
119632
169392
2536
155542
103733
102456230
183993
34036
194491
52787
134558
50373
13232
138170
198075
103240
37073
199672
69651
25904
149766
4393
119252
136020
33709
139611
46996
155912
122052
175971
5757
19844
42007
187573
112630
152507
152059
74408
130147
7761
152000
166359
165779
20911
29206
142279
118470
19428
63925
37959
48897
169194
86113206
169866
165000
83283
19523
70025
171281
53293
28082
111984
18520
47031
114714
8367
25659
25541
45569
151180
162664
69526
61891
73903
183407
38614
98341
106814
91429
21142
27569
91988
84093
127074
36562
53415
157715
17708
147630
69224
132537
162299742
154468
123919
54376
147259
173880
114492
133913
92811
193886
18357
86779
86232
99669
104538
10389
186458
126386
184941
112709
178596
150140
25724
136093
27891
91446
10469
61299
50651
7952
77911
176344
18644
158281
110660
107423
149983
129032
91354
124461
192322
157516
128330
33682
73632
197313
40842
136893
148877
147327
31249
21244
84282
19829
25788
8726
128744
187825
26485
55814
163411
53193
83262
84860
115976
42012
68136
127951
189008
197115
60405
57427
35033
60481
120386
21080
21811
192041
62462
30578
50604
73576
112422
103324
176702
56667
92063
198814
132494
101935
178678
162158
102547
35541
161050
139129
74255
43471
117706
31620
129178
112891
147884
151762
86922
173821
186210
23802
99442
4708
186914
136702
125363
195907
5211
89836
140771
179937
108157
59309
149949
69321
195457
87074
18437
98247
154880
199492
99431
181257
146825
178340
74336
30843
101399
137712
125691
160659
16402
2882
70457
68262
99373
127786
115020
41977
36795
106640
30331
71214
198357
94317
135313
58398
81671
59857
117434
60810
133326
188675
18942
186718
124370
118184
57883
8575
62367
94521
94508
67498
164144
180111
163535
105276
188852
81688
169948
67671
172054
176459
61452
48240
169161
28217
182899
52509
43027
15938
149172
41542
20279
64881
27334
27727
183939
83738
143891
181188
69904
106445
179609
142274
12132
162833
107069
18247
130781
30038
69546
199982
89909
49763
88756
156866
127224
170701
17558
96153
135285
5374
165548
46429
145348
52967
47219
99264
152778
135809
121336
105115
137797
188759
197767
65609
196850
119178
36109
6329
168212600
121727
12990
146392
149189
151632
170516
176124
70468
100502
13238
66180
47738
45904
64530
140897
133181
196925
159165
115614
7806
65468
194972
108701
164430
62186
101150
51996
23148
8220132
134592
11229
175005
170631
83647
152559
100036
196159
101334
76703
123139
82311
35307
108098
38935
90059
142856
133237
124711
63669
122252
76944
90715
113342
99185
126755
104288
181961
87004
50483
118520
152976
110451
92456
78645
54952
72732
75272
180882
188338
33145
59081278
38911
84666
183157
159665
604
125496
172126
158293
118758
98437
96347
85794
57649
120514
61663
71447
156892
48271
118075
109156
50851
158182
170162
171859
142851
29453
183983
17328
67585
152354
136372
30525
121485
19113
51804
28677
116028
167089
103685
56466
114877
92189
199762
54540
14105
6663
20997
134438
11069
3826
23991
140067
115070
91611
6981
80728
114503
11298
16815
171150
141513
154799
90709
166403
162064
65823
164308
38536
68710
32987
155418
189803
144586
61610
194278
158661
158420
115623
157755
136189
8457
49546
6259
63759
128364
196305
115454
29875
12133
171076
114173
104731
150275
132534
114952
160077
1481
33359
92476
148282
42354
182460
65728
178082
48407
34188
195481
53460
97332
48319
122307
198880
53543
80626
162694
91968
148541
26950
38040
165759
150368
134434
26404
97633
118813
50688
39529
12052
146657
34202
157181
125062
23147
9473
93835
25996
183817
28177
15353
94177
824
61995
132542
163813
48769
115293
51188
69649
169840
22985
11536
174530
195319
126717
197913
107919
156057
168095
59270
197719
194659
183429
106803
63130
91138
197245
175733
44070
186790
136698
108150
120365
11598
143862
164935
88374
1892
62590
48865
3520
199499
169879
42211
123672
22666
182650
129742
96430
11560
185915
69938
15723
168906
17633
99518
158546119
69412
72676
51523
139559
7118
82859
117316683
91171
162933
51458
161782
109540
106028
93468
119230
55750
198220
24780
141218
183130
40465
108488
67504
33213448
875
66760
92428
151458
193965
44344
147540
133182
132479
189913
197341
63961
192381
87021
9070
8839
131494
19717
78285
134647
102019
79888
176470
96492
113157
19412
77822703
172060
28948
164188
184019
60255
174607
81984
166382
22406
139713
168968
7114
14242
176357
173548
103554
121889
191788
5839
137759
132149
174292
108970
88771
189218
144656
130491
120987
90289
195936
38301
174553
169605
71365
161121
103532
25726
13322
3706
17775
5037
42688
186432
191781
50749
71171
120406
125662
106339
72917
174603
121369
13574
136979
144026
197768
119978
75418
194800
115598
44116
160996
27041888
101413
194414
37508
142876
15236
70017
77828
108567
188082
188064
132722
89462
187860
117188
38022
118047
24251
14964703
17373
21334
116932
160980
32627
127338
163353
183554
150308
18521
177412577
44041
166594
159962
90369
56335
33663
177529
110426
36322
195089
66036
133286
25509
4257
54565
9908
2790
37397
76754
91348
39286
146348
58720
5137
184480
33434
4882
15539
51883
86463
127520
102136173
14406
88682
122867
27898
26820
181686
84384
46721
94404
178326
22283
155297
183645
135471
28371
72773
153445
180765
112912
141767
196759
134372
97692
158173038
105888
22901
28782
161991
58544
149859
67570
175989
33311
11104
115574
131697
182010
175969
55710
192369
44628
144882
168022
36438
49839
835
97963
176511
142765
107982890
14609
148278
103215
80033
190990
14993
73072
120931
158786
55603
84729
35861
28467
154713
179307
150334
124368
144125552
4899260
57202
149398
152132
189490
129669
71437
104987
105053
124938
52271
19226
160106
44161
52962
27712
130096
131070
124584
116705
108938
55038
96924
136766
159898
109022
139556
81725
70531
50500
173594
63715
1690
127001
100902
157406
154349412
90543
61321
143555
168084
15879
33848
3332
77391070
184305
101752
151596
20239
193298
188211
24372
62498
149758
160278
12632
192233
80468
190113
189712
34456
54553
151343
188555
17537
33106
143259
95555
28831
179012
40527
63263
173149
140853
39160
63076
133435
94395
33269
155250
179972
118935
30261
180295
75503
177318
64504
151144
197128
186248
158850
10076
71208
153843
133628
161325
82504
14777
47967
42648
41047
6197
122765
41227
152772
124949
51222
121644
110598
97202
79197
97838
47200
34864
9740
115521
24292
171047
113052
40219
168602
192114
98427
42583
20163
30452
192055
19306
7226
77835
180571
118658
194741394
114203
173776
196169
189034
27524
150554
126096
142860
40547
99926
107051
61012
162875
147218528
18108
137033
111456
101724
7749
74046
48933
107769
80183
21065
122321
132894
31917
114419
32764
116630
160538
51410
56579
120660
35964
119352
35258
143524
162498
114122
154844202
198500
135531
159151
67576
155711
75203
189117
140802
69115
16935
38681
116575
65271
66007
115986
167970
105203
17661
94180
28442
7783
183295
146513
9602
106297
115684
108140
98755
101775
167932
139226
93626
48304
97365
109268
144652
61914
54745
177183
156713
125301
91962
47516
143604
12730
140004
55389
169956
3366
67288
38322
144837
19943
197300
143785
15206
189018
149549
161278
40027
167062
90362
39027
101183
77708
145054
68271
167905
156739
171333
106057
50458
40478
137466
103140
115821
135780
2909
196872
166292
60296
138184
95389
34488
129611
194388
73684
51004
153580
94063
155634
112365
93466
137157
189651
34939
52936
146332
65896
67675
71734
87483
13218
32033
161230
187863
104360
82476
94160
27964
79425
186109
152676
194985
179731
28879
4636841
171571
83320
71371
17268
14326
62676
15700
193692
156991
103321
147814
68202
62886
189448
137012
129198
94559
172812
124967
63357
73257
141747
90029
160233567
125616
14639
169524
159688
98480
157425
160773
39966
48397
174760
182576
196304
54466
73158
150541
16333
167538
30873
1040
134661
25959
165078
89977
49098
23479
100427
6919
103911
131616
131282
29824
193291
80163
60424
88709
48037
46176
34004
58511
145895
187041
28236
14490
14688
154435
132893
40093
99654
174425
47025
105718
110875
88989
56546
130884
127356898
120427
136210
198053
150507
56862
108350
117115
144937
189285
116141
194042
184448
102504
170156
176087417
55145
147620
197722
150589
75289
94662
90585
60334
107265
129486
84591
25564
118949
104302
23617
129540
128171
123375
125749
97793
60457
195388
130180
119886
97374
69751
165150
16753
46051
115206
71921
76868
172183
138514
33845
108926
133161
9950
49373
25765
45626
137720
43242
127376
23759
91552
25989
84984
92524
64502
56278
179129
44408
35742
111904
59757
17440
77837
53215
5539
129511
73832
14283
192058
57565
7724
53380
180434
70458
114691
196378
118221
74002
99984
52168
122736
152146
2805
96127
5823
43762
80167
124228
181549
58929
92792
32461
136441
26610
174088
91486
55325
156735
43834
96253
171793
123438
51184
69811
16036
38172
45554
14526
177833
68124
138056
105127
144423
183573
189167
107610
14636
181709
47392
161776
49345
149603
32734
168335359
119466230
153825
96370
23205
141053
161486
30169
3732
80375
199298
100962
132993
80092
167651
198208
65641
146395
113425
120873
187664
88037
152868
37442
78511635
73616
109343
82057
46909
22190
90705
118054
105037
40773
121233
91728
118156
154628
127070
176569
74958
140692
103199
189869
6649
81642
101617
79741
163568
183703
3209
119308
12257
177108
87226
164070
116384
29892
146354
67438
52143
148111
156822
58185
108593
182908
27957
39319
46418
106481
147485
191767
186355
144303
112706
147344
49669
47572
59830
195208
171998
29603
118489
63205
18982
171397
105797
127928
153547
157162
175344
88264
8274
59633
124426
126847
183869
45015
81276
23740
53686
62298
33323
57087
36219
11441
132953
67954
64403
139881
114402
68812
170062
151146
95439
22541
29623
93618
39203
137196
77111
100028
85772
89255
131136
59221
183493
126722
19877
185859
163475
4655
166296
36090
141522
109700
196280
61402
26986
7541
38444
37844
63526
13667
42761
106532
118202
57128
164193
101886
97224
5937014
144080
146628
153658
176526
144067
125951
176998
27948
6231
48077
180219398
109747
102516
133972
9625
185739
171857153
66632
31662
98752
39268
36502
72106
46495
24604
141019
126366
162529
117991
88635
73223
198842
22216
191925211
133174
52213
135451
49988
179593
32214
189766
184983
37260
133013
4017
184229
47504
178453
75626
129003
23620
174149
45328
107360
117156
104421
97573
101347
35980
101582
43702
130086
189907
103183
110905
80300
44511
21760
52566
174047
17004523
52069
66539
49501
51519
34846
113481
20588
156789
78863
184075
42366
159632
49604
24694
176888
182101
70708
28753
154639
34105
14008
78012
188512
59681
195075
134077
22109
123716
139719
25744
125888
101578
96234
6976
122081
178788
57860
65638
69575
184092
80759
79190
22719
59626
87720
30276
53580
86211
103411
62410
151052
23813
19409
198664
2637
174056
78026
189819
56443
100768
91372
96871
17071
53120
58188
140787
63398
42629
102613
198099
124242
5071
159178
170547
153346
134818
55293
128886
171960
164800
80498
135897
20306
77310
74691
102075
82170
97569
4339
148024
100763
68040
9195
168806
92720
183887
62120
169599
1439
146933
166877
10952
183598
105312
138167
145982
64635
48861
45319
67819
118763
149139
17859
91643
20271
155474
76566
139761
178428
156112
58618
165828
38290
154588
97337
56202
195875
190371
77827
169458
72698
85693
127448
25028
197922
69547
152299
114994
139142
128709
37441
33309
52251
136519
29261
151623
50181
117552
148536
137246
107322
122359
46305975
88315
1049
172661
29010
7975
81966
150106
74263
171033
75861
195121
22160204
192830
93720
150724
3176
161572
620
49719
118671
25310
113578
101771
125327
145714
80016884
41836
140581
62137
150339
94522
82122
136713
196873
96885
123289
107019
57176
178603
163177
62275
176389
141398
196191
129931
57350
202088189
134070
145749
121739
141452
126655
63006
87471
70890
103682
62260
75945
71783
32428
30453
13725
44782
138548
139569
56118
96846
53839
79886
146544135
71116
155493
163034
137188
160373
129136
15783
148671
54492
44024
6511
116387
28600
153069
155467
73708
109403
25995
19607
44760
181231
106821
130750
31823
162665
96616
57643
190362
1233
126986
143973
54185
91197
178296
70337
171161
99971
150282
110517
174546
46478
127274
17291
188404
23942
16532152
185478
184101
182410
187443
27844
60279
9794
162212
164295
24744
131212
174523
63757
71494
25421
147438
127506
100050
152326
25191
50304
82733
177492421
159120
115478
45061
198282
53957
89530
142345
7881
65328
80434
72164
6261
142559132
116129
193905
81403
16084
106041
146418
168759
175759
46760
103053
21057
179835
89785
88355
71616
72147
165879
102746
199796
8674
28323
112366
15219
11512
108256
74765
82398
123331
109195
183323
199329
19160
128616
187963
183920
146895432
34220
176691
37888
4978
183361
68718
142008
177225
74122
199745
53991
136265
193181
114555
169418
6465
10149
111220
3764
178687
69892
107828
31276
64021
45428
66565
63437
103723
1898
51219
101821
104434
113195
128360
131659
126054
3775441
44961
43649
73210
34287
34135
75020
28407
187066
116013
68769
29911
12695
118468
76743
180156
179733
73896
126391
145416
173867
159550
116797
5281
38285
175327
22903
97924
149557
23070
64822
182895
43365
44556
6454
66259
160115
105477
35605
73694
156256
35614
58361
150551
194668
73813
189202
132751
25079
124277
133462
5382249
180638
188041
44146
128164
38368
34926
58959
11232
177096
78850
163996
51192
85874
186546
168139
112014
10484
20042
74256
38291
52697
189159
138253
101189
166246
10613
164472
186124
90151
72846
25280
89608
10357
177626
62727
56514
162308
138095
121748
70552
176646
62463
179159
156763
94365
99359
108795
21518935
20737
14595
104236
59207
16174
152571
191478
49788
142956
161918
27755
70454
72835
121080
104250
53571
74389
40835
108247
123819
111625
149706
72389
98294
3704
61645
190234
10001
181490
6825
66887
101818
168629323
69415
58252
121044
30402
194183
25056
71248
6727
19352
176177
93993
99
103812
141382
74909
103193
19977
58524
548
163447
109439
71030
142206
5942
55504
154529
162337
181478
68298
136132
95031
125937
193248
107773
46993463
132526
43988
46652
83191
52572
104899
130354
96211
4301
3605
157833
48853
135091
78298
186848
8364
101270
113757
55623
198384
116045
115102
174897
39654
62719
89770
138428
83220
81146
168056
6851
196038
89716
28911
170666
175988
11872
117357
110876
4540
140675
45995
1642
51899
196696
113484
46388
190000
149283
86668
24667
79491
52151
53281
129954
17425
69090
6999
20473
162801
166470
47135
15065
36245
196754
161794
159136
106181
107631
10860
196491
183913
52186878
57709
70051
113461
122999
42958
149234
43383
148428
133937
194478
143389
127359
143887
36435
98957
153241
106899
4874
96884
38892464
93541
30930
165396
35656409
154348
140206
82369
138424
90176
40754
76609
1069
195572
59903
103964
146091
164041
71239
119419
18042
113197
20587
92856
69395
17907
122701
7225
154389
103960
191618
87029
54808
13014
164167
39121
148064
67854
8056
194886
103176
66060
195512
104854173
50750
142819
40863
39054
49278
160808
40833
25646
28656
20028
180343
10344
72540
185750
16995
31648
132982
127979
34464
98558
153724
21802
188055
31405
20783
155899
78237
155985
76353
16243
151982
117685
116284
190220
18645
75088
81838
168170
105112
143152
150785
61384
26152
192985
29399231
75525
82104
191060
163238
170193
138081
161049
5744
148911
158110002
9459
18271
93379
82571
84847
149293
12413
68046
62659
84099289
167105
141907
149809
164812
22867
91311
147773
92341
195650
195069
47580
192005
200373087
164925
113114
46050
13902
156635
110541
41310
189696
120323
72380
149900
11734
60581
65939
112090
13740
124940
121165
134718
193204
114998
49153
13430
5382
115214
69739
57971
56571
33298
159695
161878
26266
13004
86438
119921
36180
166363
54145
106024
183518
41011
177408
21585
77430
14913
11134
30731
81834
180250
181910
70130
126415
57288
87170
81135
115772
99684
40668
98687
86897
52570
184738
156398
160628
110501
123634
198729
174142
146017
75911
47376
70796
15142
151199
152194
137589
138939630
190469
104080
39008
176136
76321
51388
89565
35464
168978
5417697
4149
136495
125695
155457
19127
130948
56272
21011
60956
166928
91278
12405
56588
135816
104339
134535
199333
111274
106088
134976
143545
167222948
50199
194606
47889
76433
108418
105011
71063
75038
154656
72896
168839
141868
139416
121681
115338
196014
20252
95922
116579
166612
169071
99191
91676
182420
40320
171981
116853
90232
124190
62891
190858
61758
115945
172810
75497
174940095
54515
147854
115999
189893
91891
136622
139509
87748
193948
164923
12854
83995
115259
85836
27549537
121591
194613
151007
102931
36893793
136437
188158
180831
150848
91765
82037
107082
25924
166605
46184
154488
24776
165736
148068
581
176719
166083579
152167
94673
46372
7058
103999
6237
8931
177054
151804
34791
194353
178197
124489
57920
105770
18402
11418
127840
9063
141043
44857
57472
180665
168024
198318
166670
129507
90483
120100
90985
26387
144872
117433
188438
150764
170794
189741
129379
84160
174595
141917
114711
130233
72292
31570
188407
121695
96568
119005
147334
136651
72740
167657
136137
117713
94695
114008
78348
140297197
76729
118447
56954
60819
8405
49481
60764
136051
107156
134975
28661
82038
43681
34467
199125
130145
127238
108374
136454
9911
44976
32939
171477
172766
154334
153647
177215
181296
70726
56069
56787
111393
120639
146831
97866
23471
57757
69414
63888
182088
127644
185643
189412
184029
118673
54613
136069137
191622000
167457
5635
203126952
92353
43790
146969
84188
106485
54758
72266
79468
65326
51088
78189
117267
161399
96849
136601
175655
59074401
44487
154365
82267
59332
43527
187447
54093
99721
124588
44026
44285
83158
88612
51153
169500
121810
54478
54076
76501
173568
162929
9130
109823
48177
120318
138325
105841
1406
93214
132210
196589
161356
115179
109632
161148
187527
116562
269438
159521
30096
6764
130170
28241
35183
182167
162475
27036
147767
39589
42371
82525
99155
98820
94895
35357
44543
34090
139013
105201
81607
52687
6508
192377
47437
82928
167979
178979
90005
181973
5249
21457
53813
116979
143473
156166
78960
81583
12994
138151
175849
78806
53639
53625
89839
114064
62202
16359
14738
125791
142985
82472
94008
95063
77915
261287
137792
180803
152254
14188
183496
137031
165794
34341
20915
28713
182175
155347
138729
156396
162959
21097
863
129351
2802
199048
152883
102539
133372
20727
151621
164241
164213
38988
122776
162181373
39064
166064
155910
141168
100779
126642697
192353
141774
87845
19285
68925
85352
80026
77651192
169395
180025
61376
93146
165711
75114
178360
47373
35253
47432
131528
62567
176553543
126806
111564
71474947
193374599
182819
15229
62181
160357
76900
136998
61027
111204
133598
33615
48020
140700
90610
88234
194818
58963
61400
34303
193038
163949
187704
108537
105915
53347
129210
61396
173098
168957
110048788
175458
15390
136914
71729
93189
154166
103202288
16247
28714
14088
67157
113775
1639
199412
190828
171957
131021
177999
67844
50164
59163
76925
179162
1579
74282
9024121
31147
15504
163900
92070
150165
25878
58156
32630
3786
18882
195044
40652
141117
160381
18057
164325
149862
120547
194762
104276
53935
138382
89439
42077
190957
93195
57556
116295
138465
157752
70150
18907
44853
109012
69872
743
64813
122018
89796722
143483
166782
187043
153076
135976
137348
126726
89782
41107
112600
29300
81031
79520
5038
154898
92765
126065
121823
101112
56970
168322
141860
94165
46033
148731
176138
195798
32106
90510
17315
99512
3632667
106866
160793
87153
151338
136362
106101
53609
166469
167773
75189
25866
128453
189118
139387
39816
154114
177106
74678
142990
61319256
119575
1623
72617
141011
163293752
141550
94621
199272
23793
13088
1456
77476
172654
44245
67745
141427
189702
48530168
90501
549
66671
68299
117580
159612
36751
155983
77992
113403
159905121
6939
143534
187291
159170
14537
10328
132017
146262
112059
71848
168501
51397
12778
126997
111643
166733
195570
86369
35680
84975
127268
173402
169520
119026
134951
4318
23431
44732
123087
185567
16629
85869
81156
56567
194517
133941
185363
85074
53209
131099
57685
69460
135444
18653
32047
15275
55522
190583
47970
70018
160412
191622
77724
57661
29254
33536
174013
68265
24219
10219
186896
87286
23175
126492
55220
82633
170241
156211
181543284
181370
110497
106841366
27291
57808
154129322
86979
119677
148796
32848
196762
53070
25155
25007
8146
23495
27313
160982
159928
117098
60856
42991
144202
170399
46286
8952
163433
149414
45033
99310
58104
70268
88648
49916
158462
173143
30371
199805071
23146
181285
104541
61422
154048
90523
170104
101337
30213
74487
146746
128899
171496
17774
64272
49641
190170
160378
56891
11522
29007
187434
76258025
49487
174744
126495
164422
175239
66545
35003
193123
55866
165405
136782
135813
156314
181568
190154
79876
76181
107615
133220
74927
98286
170411
86607
24902907
275
168292
177229563
159925
166570
35711
43721
29897
11936
179304
164028
5683
126098
163668
39485
153622
73033
6092
80991
128459
93327
8602
170223
177014
135340
121392
54214
180170378
79075
88137
74001
140046
174965
98253
22238
19645
95941
198834
101072
92093
126417
169633
10850
115848
70498
181516
169551
35443
144664
97378
80515
171502
95917
106947
159690
42541
196464
24585
45179
181496
181082
53539
93138816
90027
65637
151133
65416
17248
133978
177092
7258
179919
36367
166910
38968
159374
61167
64843
139875
84663
27196
31695
181696
7622
102499
44129
68018
138562
179696
23180
71357
153655
113409735
72878
36773
119681
25822
4862
30384
104136
18195
10686
120286
73258
191583
59551
123332400
83167
135298
159742
105304
96834
153887
21845
151163
83547
187528
21508
83115
126854
37552
110798
105735
53603
60344
125356
94032
2195
39693
35345
59982
109492
180526
9001
21009
61411
134363
110915
184578
127981
17840
96529
87882
111615
48352
22742
157122
51034
85610
36135
38294
183353
147268
177281
180643
99887
14551
19656
131239
134194
46005
118528
43474
99953
99761
195811
116307
144887
836
89753
149183
76613
36930
155134
109015
141022
22917
194120
5251
37603
168233
42999
116585
3559
197051
76628
162223
3246
28357
121121
46860
114708
179676
50384
81976
99311
53056
12110213
52540
106434
12236
50198
195856
86952
161680
146423
192134
40477639
76971
20430
14405
93637
165960
3007
1943
39916
102902
23133
33589
113062
116530
79715
42893
34475
96937
74739478
9704
87967
34989
182266
152711
131169
155998
192800
120728
116607
35371
130205
170088
134978
188735
44151
26430
100304
86039
84423
78969
97368
13141
85026
188721
18952
193371
95706
170483
152963
52477
64744
159877
118977
58563
151654
41983
38164
61694
162468
9963
10206
81215
123308
67532
92928
63500
178083
127794
35564
16464
134170
10898
102123
194188
112335
74826
149962
193545
133759
61595485
22318
167764
64130
170626
170327
51112
76416
37082
2168
188266
38611
123571
74460
68763
16154
89832
17495
95794
155452
15288
167911
134919
136500
118306
53847
57754
124788
146227
76828
92020
44618
127934
24671
149670
187888
113450
59179
96905
122600
12388
101668
90713
33396
28198
95560
87326
27664
125425
96182
184994
132468
97751
178307
122509
92380
87399
31265
145823
116780
112574
126324
130188
160253
110148
143648
110676
98901
124789
80875
102703
30653
120589
173194
143064
113620
77199
101523
108303
22747
166520
30091
199362
50046
91834
159552
146866
149626
102161
57291
100490
82186
113356
180124
10026
86063
171479
130459
123248
84549
184883
188425
102874
44551
193478
154342
11880
124557
35244
8890
15182
185875
122961
123077
150260
82484
126962
80143
68420
150595
196782
200992251
67499
180385
20518
117297
140464
163168
57001
142140
146740
24267673
37863
178095
127216
154812
56568
137491
147673
22310
114383
93272
42110
114614
159224
190279
29865
127542
159101
91337
62040
172652
87767
23835
191686
35375
64165
172960
37045
71415
161388
178242
66750
68441
7601
99207
85214
172165
155267
172150
23576
130928
2923
174472
46667
103468
25390
65771
61294
127018
110600
35627
97899
50803
84700
5623
135987
14029
186409
91841
90647
83607
100446
76259
60921
136140
26523
173668
107014
60017
105065
57700
172275
186951
67762
131111
169730
113294
177168
88219
9986
198393
111667
110027
160815
125762
80343
15947
183741
1979
163219
71186
185756
63426
81503
139968
30482
126664
113552
110526
76946
51722
158757
1277
21953
52901
63352
110948
183041
153588
35892
22694
36861
98190
81856
92253
171940
190419
115443
135159
55797
10576
189926
105036
96797
33880
71943
108849
105448
127793
100630
43067
199741
66642
11274
158264
39637
110390
88075
107914
62411
33616099
30153
166086
140526
34326
87566
181569
189250
168028
40063
11221
178393
54729
66370
61795
53721
104480
188073
180957
154502
5500
55249
52959
192824
22953
170218
86917
123591
62879958
102344
7529
72748
86402
177671
159774
138949
156271
199554
184377
127279
116198
159764
60567
31847
21349
11914
144903
96470
185916
5911
100001
126957
107908
163896
177656
177194
173261
117573
64107
649
57978
136634
106479
137718
3692
105645
168327
88699
102020
151412164
188519
196579
27223
89301
95484
192391
160978
1605
158304
142014
27122
66700
55639
2344
80572
164840
122505
15
182580
165688
38698
135447
183729
69301
179564
53286
122849
28155
115703
43587
56205
194449
71145
57703
111482
130377
80686
74595
82173
184802
12283
115969
105802
58635
30857
69935
50841
135375
123119
140805
45822
88684
119440
149083
109510
53072
12851
157921
109737
42199
69543
132824
85901
114718
85809
32673
195554
197935
90861
150194
84155
47911
202053621
153405
122728
29645
125094
38445
2497797
187473
105035
174898
197765
167520
75010
122062
148192
58410
117527
122764
164858
39975
81176917
30069
191084
172825
198184
74381
52905
44515
172925
56651
197911
170842
121661
195677
186782
23427
87756
119476
107
39754
82070
27789
111003
116953
161070769
73492
49744
32451
32668
161390
83052
77868
82519
73946
92660
38561
152269
40261
35250
149540
142959
132110
118248
199854
196678
153348
126384
161410
34983
3358905
164751
221
33190
51671
75733860
54537
40522
889
3161
12064
140258
95260
114859
92974
39143
121732
94122
184866
135487
79216
164857
90213
139110
95679
192755
117099
121609
4315
147107
88334
197468
2897
158102
118300
77647
49329
22275
173595
164429
97732
199739
34361
146379
130896
191851
22988
84995
103705
4752893
51200088
94284
124072
199893
110008
94079
155992
126310
157032
132928
36208
53781
114827
14596
137361
137158
196559
15328
189813
99457
120526
20437
37756
79476
130497
143833
8215
103827
169767
18291798
90109
142455
21046
147351
108613
34030
118406
167639
67715607
47285
7397
164804
163532
180580
31553
116301
54491
85830
88436
88378
124392
149934292
29680
56529
44597
69397
166174
85865
52166
156542
124928
115023
113732157
93781
67244
28749
79841892
47688
34564
33175
73242
13040
72951
115944
149917
112281
91914
49336
83938
143668
129527
165716
75889709
117671
52085
189433
49010
1465
69385
14117
90743
82469
49781
17434
69255
137771
49057
186651787
10284
40690
89829
72021
73520
16640
183577
128653
119480
53894
193950
2830
72605
181260
185495
180382
74066
19498
149572
176664
113694
29143
46224
165178
19058
182498
130571
23170
98510
80663
174509
42857
23595
101235
133385
88838
75888
165238
103215394
68507
60781
129529
77065092
11288
18138
101208
64286
37052
195188
118274
99484
49078
69008
181140
194465
124650
52964
91021
86069
160407
30143
38818
79384
151094
179235
171369
47875
96658
104495
108827
18734
48541
54056898
99614
98652
89744
7770
164361
29363
158884
61459
85474
56236
143372
174516
32227
152245
94372
151237
112275
109742
14963
108100
30638
90712
68187
124341
32053
46769
53334
167627
132556
86362
99540
50944
140921
16096
81527
95813
34907
45195
126660
56706
1523
168684
153344
23149
7722
4719
97697427
2286
153258
196552
108991
33579
58
9094361
30466
165403
175717
117592
176029
191257
128902
199112
156695
92429
33596
16132
70718
198558
116330
67080
183081
158257
106577
61954
137367
45038
116619
109953156
157703
165341
179298
89810
190549
17366
140864
193820
72625
65348
69504
69477
9069
80676
10266
39783
154232
66454
115292
171123
123010
24913
3728
36928
129472
125909
75322
93480
160321
71534
185427
48784
148384
9966
18327
25916
111665377
166146
75064
92731
22312
198093
47838704
197603
79257661
96311
22172
183135
178584
1328
56210
135661702
161614
142371
160337
64640
142043
47384
33500
1091
79921
20720
121093
63698054
184350
90179
44930
100308
40228
78392
100699
72040891
190101
131869
151896
197740
197168
138149
88399
6844
47457
92174
25350
85535
64301
7233
148965
101506
133020
45348
188812
197002
53290
26107
76510
174911
15231
111961
131993
138206
78276
161099
177817
83918
105972
91098
29084018
112744
51300472
95350
112692
73077
173263
28919
173753
176815
120049
82946
95964
198801
107208
33045
111886
29817
17227
163995
55359
176985
182510
85208
6157
150192
128567
86357
114357
141431
179563
173202
54963
120496
188762
188717
195132
93462
84311
180213
52843
47591
1158
38415
191911
49047
42242
79475
53892
144772
172031
76155
73872
188274
173109
135759
161792
165007
89194
162499
144510
86906
114562
32322
197252
146847
27983
175468
10039
118490
37913
18424
145506
37014
111152
7769
175827
144095
93297
157110
107951
49093
32466
169584
169400
103408
99331
66689
147387
53004
26925
30126
4269
121811
35703
165937
133029
168835
46038787
21064
66774
69436
135401
106860
153607
130649
36858
77123
163388791
17697
71711
132084
54549
95417
54440
144977
62922
93845
164781032
28081
157035
91565
7787
14156
23695
1311
145214
74739
6992
102932
48232
136046
41177
179657
97065
62725
15793
172758
62473
189565
182045
93073
9229
158415
72185
67263
140285
111497
188051
105914
147318
197548
59769
38693
112401
43836
99073
139452
106955
35548
131908
90602
152940
114765
200275279
13372
115760
157375
82253
47130
121086
185042
171728
46036
63963
82337
49372
141971
156432
61025
33718
86688
101077
155614
50683
2537638
67256
53229
163651
76341
65804
58903935
91443
140132
94464
134936
76147
53891
24525
154121
105798
58785
26233
12507
88041
192657
48439
161498
49702
197481
150523
174522
98191
3915
51863
159150
172795
119760
10888
48505
104146
118602
170789
55283
158117
114071
154592
123830
187873
114436
65824
102541
36501
79596
180890
42293
129382
38177
10039171
18818
91731
113950
78859
115281
52403
159466
87529
88270
165645668
156387
43004
176020
49976
187195
87996
170950
54389
173970
38065
124608
173625
135266
131658
47982
138022
18595
23024
9570
29769
134619
131524
1062
29687
12416
4653
91930
140001
105714
154604
67064
35561
52561
152295
109437
59538
60480
29621
193694
154297
158431
183788
14267
171762
94209
118105
178684
147201
67299
114381
140872
64505
78700
105544
27522
24863
41943
146333
37560
182543
196066
30949
148674
19366
171001
89048
121064
182970
22222
188444
77542
188974
29330
55273
71337
150831
117258
29299
135478
94310
25969
144728
72703
191332
13733
2559
150194813
124773
84574
17596
114146
192060
11151
158231
127483
35114
194900
762
5161
197040
127681990
78854
36840
151897
35176
34946139
76691
107605
12644
10856
143249
156575
51338
158246
5755435
168442
132188
59455586
137647
170849
201170534
18179
97042
143854
115717
122357
28538
130317
97269
30255
19748
193848
154493
61835
167382
133433
112810
48083
176968
4952
103291
48811
54576
106893
169237
77772
189266
74550360
22994
137516
187332
108005
73445
154983
16998
126385
90353
160973
185247
184105
80539
45980
126320
31590
164397
2849
143799
1060
198754
61238
10116
160679
165898
60105
148102
163602
190148
174617
37946
133090
196219
57344
74276
92739
32415
85844
109160891
150385
7048
22458
87109
191720
20846
22752
2832
128255
75304
4840
74923
45468
31259
74218
161755
127401
26654
142107
13341
6881
53395
136237
115736
123027
52158
187886
23195
171704
33581
199174
78554
121800
36948
50675
191706
38781
123006
168958
145052
37353
145271
35348
114845
169777
163023
87623
164961
183125
112521
165338
5762
143737
67708
99970
96991
70811
106722
164081
139563
32960
199557
31127
94674
76129
126285
153122
8521
180584
82512
122975
4395
57696
197054
62941203
18048
21393
145958
160004
164535
22926
40069
59184
68243
193413
55261518
136978
153683
134913202
158924
29395
112092
37795
114145
140673
38717
43492
9901
79103
184376
100614
189545
160944
148065
146682
91720
38361
78944
49419
160763
4077
175028
10035
159489
171943
26432
82715
191468
99030
71542
26902
161615
190916
45470
28301
84963
138193
147465
77374
182676
102466
150104
85433
38549
139454
69638
107299
192202003
162372
98617
73022954
171295
154847
54367
102057
78306
142201
114241
156001
52024
110870
7561
157475
138998
198628
115474
119764
61719
153526
90896
1570
66742
58297
53973
89596
171485
20035
102306
119133
37367
3334
136658
155451622
90138
19622
90622
173934
182905
59888
5264
163133
26675
50443
39234
77873
81074
456
71010
191824
125584
126416
8846
74750836
4736
112998
100875
164771
59531267
39896
195108
118634
48690
174211
34635
5313
182876201
148982751
78814
93639
85632
38437
40068
7855
14739
11724
90412
19579
31296
127308
111783
76918
127813
165204
78993
85402
106624
189747
9164
52334
1616
165368
110375890
1754
65023
43238
75761
151595
92003
183639198
47603
124728535
168227543
105144
86136
153048
40160
38694
8600
67800
6852
171772
46399
69431
166992158
72383
35105
136667
26480
92023
120263
70412
132027
6101
149716
168485
14652
67983
139293
160335
132030
29315
12607
43115
44261
120734
105850975
56115
12175
162922
156769
103376536
29981
18624
173806
149440
20044640
131868
43086
21124
23183
1827
164320
32641
99043
136420
184562
25508
170710
69306
107465
74822
142457
33793
26317
82059
42725
70902
131493
80552
14305
129101
163493
170187
30838
176120
131093
194679
65211
79847
119672
28468
88944
8192
189423
41289
79941
88094
102437
167191
71553
186667
192212
87464
192759
26368
87523
184831
147490
67382
145412
148718
375
162534
6819
94082
38333
194132
1803
122923
5327
189882
160296
90863
149633
78998
185878
134266
44369
2163892
154630
168464
164302
9000
27638
136888
76030
177428
4471
88597
146261
47190
197829
134435
170954
28093
126409
1374
95341
2957
88156638
179514
161864
81670
26371
101350
137830
113762
40490
153257
140462
162461
65264
190781
180253
36073
153535
179180
157194
162302
16704
197331
60342071
142693
162467
156428
178679
50906
59469
132892
149027
118823779
68339
188950
2438
127329
1268
35539
138200
63667
163981
5924608
84728
132566
143653
190700
192019
172874
22194
138147
40654
69105
88959
145189
102799
138977
63904
144921
64215337
181021
20365
191435
180390
148954
122442
191303
33636
26206
177912
121656
24102
153037
33351
98985
53266
57966
29901
12776
187978
58886
86594
110699
10881
141417
47205
44706677
99638
188352
92575905
179049
810
182960
114975
14364
104338
183611
21211
199397
158384
146668
44281
16491
16553
116067
55609
46204
49533
81012
34003
132146
171172
3971
94427
109666
180555
38973
101749
143062
147542
133997
37854
40549
31039
45052
152228
50391
184009
38902
153627
46289
191564
188580
100501
139925
66419
194389
124865
131138
123771
197556
50105
107341
103361
158471
7878
196839
88533
5310
33809
65365
81863
78148
51855
24388
108815
189461050
171500
163839
5218
62194
10632
127384
187713
186538732
157841181
43247
186165
114107
170611
19291
149986
83892
130513
137187
72568
37175
155388
161857
178700
5093
88262
164426
113417
136726
76114
31111
62687
8938
153365
167298
118554
135362
39474
179956
115648
17890
25286
93370
134032
162063
47644
151258
60129311
101869
140496
178301
66544
112884
134325
8451
43360
83494
39967203
23287
27165
45866
27356
123391
180560
177228
160742
3313
100737
14624
44418
150556
21540
54679
11890
62019
27826
160853116
137004
53176
54560
34857
135617
52809
196142
96053
19040
158848
75194
51868
33936
140835
92361
190725
179420
66014
10642
181502
70415
190515
107938
158120
87245
96079
27746
45005
58206
122436
146431
15534
66857
48089
102117
170111
172605
11009
91738
70582
184417
81176
141703
44465
25543
162755
10482
9721
65335706
32470
17555949
35135
87035
146488
145237
96440
147612
39539
25063
38665344
96603
12417
59660
185010
185846
38718
122249
18121
168411
174276
140059
197085
189238
48813
63474
132577
87447097
18025
115826
194252
89967
150426
198349
31723
161054
155628
24875
76165
63397
52199
45519
33280
46074505
32048
165882
177744
24636
171002
6930
45833
64058
21730
77125
38050
97796
97676
81763
163862
23123
153942
7039
35312
43595
6637
61991
61311
153288
24793
83089
97375
141955
105015
122077
94541
163805
145910
3714
31426
166694
146745
60962
47022
108897
148419
25909
128697
121224
193673
63258
57953
143112
112303
40275
98257
38481
197967
199733
38463
170057
104572
24457
199842
87913
109555
103878
159043
99652
182584
74244
151885
93962
50337
197167
76378
92981
129148039
95175
180727
133293
140086
159614
161534
25137
154263
29653
64740
23820
56060
165837
146176
165250
61369
62123
122288
61119
159109
199342
44542
66866
29045
138640
119429
111372
163990
92775
115135
163897
5277
78465
71552
104559
57736
36764
164485
39136385
62777
155292
74226
94303
75832
126524
108406
5710
128712
137964221
154089
31862
908
127073
50634
113862
104249
1447
40186
50162
61146
61488
114517
100843
18544
177595
94286
41618
107514
24606
97637
57447
22811
96332
44050
170316
172562
153213
12116
11024
105663
35279
103807
180090
9808
173414
77558
144479
53926
143873
132515
163039
24657
188146
1632
93804
159708
193460
152148757
14121
164091
21198
164363
37408
96642
9052
104575
83023
80318
141300
151035
189330
29162
144498
25868
157681
134427
91035
45130
100038
149806
187692
163641
92090
134597
32791
34664
9